1	m	1065801600	1100102400	1979	0101	33	3301	1	1	0	50	1	1	1	1	1	1	0	0	173	10	0	1	0	0	0	0	0	0	0	0	0	0	0
2	m	1065801600	1299512106	1972	0502	33	3301	1	4952	0	50	2	1	1	1	37	2	4	0	170	30	1	1	28	33	157	167	0	1	20	1	0	33	3301
3	m	1065801600	1078675200	1979	0101	33	3301	1	1	0	50	1	1	1	1	1	1	0	0	169	10	0	1	0	0	0	0	0	0	0	0	0	0	0
4	m	1065888000	1274938337	-1	-1	33	3301	1	12	0	30	1	1	1	1	1	1	0	0	0	10	0	1	0	0	0	0	0	0	0	0	0	0	0
5	m	1066320000	1080144000	1982	0101	33	3301	1	1	0	30	1	1	1	1	1	1	0	0	172	10	0	1	0	0	0	0	0	0	0	0	0	0	0
7	m	1066320000	1100102400	1978	0101	33	3301	1	1	0	50	1	1	1	1	1	1	0	0	173	10	0	1	0	0	0	0	0	0	0	0	0	0	0
8	m	1066320000	1076774400	1979	0601	33	3301	1	1	0	30	1	1	1	1	1	1	0	0	173	10	0	1	0	0	0	0	0	0	0	0	0	0	0
9	m	1066406400	1116259200	1977	0101	33	3301	1	207	0	50	1	1	1	1	42	1	0	0	170	40	0	1	0	0	0	0	0	0	0	0	0	0	0
14	m	1066924800	1290686818	1975	0505	33	3301	1	583	0	50	1	1	1	1	42	4	3	0	172	30	1	1	0	0	0	0	0	0	0	0	0	0	0
15	m	1066924800	1100102400	1982	0101	33	3301	1	1	0	30	1	1	1	1	1	1	0	0	0	10	0	1	0	0	0	0	0	0	0	0	0	0	0
17	m	1067011200	1100102400	1979	0101	33	3301	1	1	0	50	1	1	1	1	1	1	0	0	172	10	0	1	0	0	0	0	0	0	0	0	0	0	0
18	m	1067097600	1100102400	1981	0101	33	3301	1	1	0	30	1	1	1	1	1	1	0	0	171	10	0	1	0	0	0	0	0	0	0	0	0	0	0
20	m	1067184000	1100102400	1981	0101	33	3301	1	1	0	30	1	1	1	1	1	1	1	0	188	10	0	1	0	0	0	0	0	0	0	0	0	0	0
22	m	1067270400	1227466484	1973	1215	33	3301	1	2	0	30	2	1	1	1	42	1	0	0	177	40	0	1	0	0	0	0	0	0	0	0	0	0	0
23	m	1067270400	1189925469	1979	0512	33	3301	3	3797	0	50	7	1	1	1	10	2	4	1	175	30	1	1	0	0	0	0	0	0	0	0	0	0	0
24	m	1067270400	1100102400	1980	0801	33	3301	1	1	0	50	1	1	1	1	1	1	0	0	174	10	0	1	0	0	0	0	0	0	0	0	0	0	0
25	m	1067270400	1288508528	1979	1122	33	3301	1	3	0	30	1	1	1	1	1	1	0	0	165	10	0	1	0	0	0	0	0	0	0	0	0	0	0
26	m	1067356800	1100102400	1979	0121	33	3301	1	1	0	50	1	1	1	1	1	1	0	0	178	10	0	1	0	0	0	0	0	0	0	0	0	0	0
27	m	1067356800	1100102400	1984	0202	33	3301	1	1	0	30	1	1	1	1	1	1	0	0	177	10	0	1	0	0	0	0	0	0	0	0	0	0	0
28	m	1067356800	1196400730	1980	1124	33	3301	1	199	0	50	1	1	1	1	23	2	0	0	172	20	0	1	0	0	0	0	0	0	0	0	0	0	0
29	m	1067356800	1083945600	1977	1113	33	3301	1	1	0	-1	1	1	1	1	1	1	0	0	1	10	0	1	0	0	0	0	0	0	0	0	0	0	0
30	m	1067356800	1100102400	1978	0810	33	3301	1	1	0	50	1	1	1	1	1	1	1	0	175	10	0	1	0	0	0	0	0	0	0	0	0	0	0
31	m	1067356800	1100102400	1980	0219	33	3301	1	1	0	50	1	1	1	1	1	1	1	0	167	10	0	1	0	0	0	0	0	0	0	0	0	0	0
32	m	1067443200	1123569480	1979	0713	33	3301	1	54	0	50	1	1	1	1	1	1	0	0	178	10	0	1	0	0	0	0	0	0	0	0	0	0	0
33	m	1067443200	1090166400	1976	0120	33	3301	1	5	0	50	1	1	1	1	1	1	0	0	168	10	0	1	0	0	0	0	0	0	0	0	0	0	0
34	m	1067443200	1100102400	1979	1105	33	3301	1	1	0	50	1	1	1	1	1	1	0	0	178	10	0	1	0	0	0	0	0	0	0	0	0	0	0
36	m	1067443200	1133274780	1979	0130	33	3301	1	123	0	50	1	1	1	1	37	1	0	0	170	30	0	1	0	0	0	0	0	0	0	0	0	0	0
38	m	1067443200	1100102400	1979	0719	33	3301	1	1	0	50	1	1	1	1	1	1	0	0	171	10	0	1	0	0	0	0	0	0	0	0	0	0	0
39	m	1067529600	1067702400	1982	1116	33	3301	1	1	0	30	1	1	1	1	1	1	0	0	178	10	0	1	0	0	0	0	0	0	0	0	0	0	0
41	m	1067616000	1116432000	1975	0726	33	3301	1	6	0	50	1	1	1	1	42	4	0	0	169	20	1	1	0	0	0	0	0	0	0	0	0	0	0
43	m	1067616000	1102176000	1975	0223	33	3301	1	3	0	60	1	1	1	1	1	1	0	0	170	10	1	1	0	0	0	0	0	0	0	0	0	0	0
44	m	1067702400	1100102400	1975	0212	33	3301	1	1	0	50	1	1	1	1	1	1	0	0	162	10	0	1	0	0	0	0	0	0	0	0	0	0	0
45	m	1067788800	1068263880	1975	0505	33	3301	1	1	0	50	1	1	1	1	1	1	0	0	171	10	0	1	0	0	0	0	0	0	0	0	0	0	0
46	m	1067788800	1105372800	1977	0601	33	3301	2	90	0	50	1	1	1	1	42	2	0	0	175	20	0	1	0	0	0	0	0	0	0	0	0	0	0
47	m	1068048000	1100102400	1982	0205	33	3301	1	1	0	20	1	1	1	1	1	1	0	0	167	10	0	1	0	0	0	0	0	0	0	0	0	0	0
49	m	1068048000	1068371520	1981	0903	33	3301	1	1	0	50	1	1	1	1	1	1	0	0	172	10	0	1	0	0	0	0	0	0	0	0	0	0	0
51	m	1068134400	1100102400	1979	0805	33	3301	1	1	0	50	1	1	1	1	1	1	0	0	178	10	0	1	0	0	0	0	0	0	0	0	0	0	0
52	m	1068134400	1079884800	1980	0118	33	3301	1	1	0	50	1	1	1	1	1	1	0	0	173	10	0	1	0	0	0	0	0	0	0	0	0	0	0
53	m	1068134400	1100102400	1978	0205	33	3301	1	1	0	30	1	1	1	1	1	1	0	0	178	10	0	1	0	0	0	0	0	0	0	0	0	0	0
55	m	1068220800	1168083582	1980	1128	33	3301	1	6	0	50	1	1	1	1	1	1	0	0	186	10	0	1	0	0	0	0	0	0	0	0	0	0	0
56	m	1068220800	1179499617	1980	1109	33	3301	2	49	0	50	1	1	1	1	1	4	0	0	174	10	0	1	20	33	0	0	0	0	0	0	1	33	3306
57	m	1068307200	1112112000	1976	0602	33	3301	1	3	0	60	1	1	1	1	1	2	0	0	173	10	1	1	0	0	0	0	0	0	0	0	0	0	0
58	m	1068307200	1100102400	1979	1108	33	3301	1	1	0	50	1	1	1	1	1	1	0	0	170	10	0	1	0	0	0	0	0	0	0	0	0	0	0
59	m	1068307200	1100102400	1980	0102	33	3301	1	1	0	50	1	1	1	1	1	1	0	0	178	10	0	1	0	0	0	0	0	0	0	0	0	0	0
60	m	1068307200	1087401600	1973	1110	33	3301	1	1	0	50	1	1	1	1	1	1	0	0	172	10	0	1	0	0	0	0	0	0	0	0	0	0	0
64	m	1068393600	1085328000	1978	0125	33	3301	1	1	0	50	1	1	1	1	1	2	0	0	163	10	0	1	0	0	0	0	0	0	0	0	0	0	0
65	m	1068393600	1100102400	1982	1230	33	3301	1	1	0	30	1	1	1	1	1	1	0	0	180	10	0	1	0	0	0	0	0	0	0	0	0	0	0
68	m	1068480000	1100102400	-1	0111	33	3301	1	1	0	20	1	1	1	1	1	1	0	0	1	10	0	1	0	0	0	0	0	0	0	0	0	0	0
71	m	1068480000	1295191445	1979	0108	33	3301	2	383	0	50	2	1	1	1	37	2	5	0	170	30	0	1	0	0	0	0	0	0	0	0	0	0	0
72	m	1068566400	1089043200	1978	0915	33	3301	1	1	0	30	1	1	1	1	42	1	0	0	177	40	0	1	0	0	0	0	0	0	0	0	0	0	0
73	m	1068652800	1184203464	1977	0923	33	3301	1	259	0	50	1	1	1	1	42	1	1	0	166	30	1	1	0	0	0	0	0	0	0	0	0	0	0
74	m	1068652800	1100880000	1981	0614	33	3301	1	5	0	50	1	1	1	1	1	1	0	0	179	10	0	1	0	0	0	0	0	0	0	0	0	0	0
75	m	1068652800	1267012187	1979	0310	33	3301	4	944	0	60	0	1	1	1	23	2	0	1	170	10	0	1	0	0	0	0	0	0	0	0	0	0	0
77	m	1068739200	1069031820	1980	0715	33	3301	1	1	0	50	1	1	1	1	1	1	0	0	173	10	0	1	0	0	0	0	0	0	0	0	0	0	0
78	m	1068825600	1102521600	1978	0909	33	3301	1	14	0	50	1	1	1	1	1	1	0	0	173	10	0	1	0	0	0	0	0	0	0	0	0	0	0
79	m	1068825600	1100102400	1984	0920	33	3301	1	1	0	30	1	1	1	1	1	1	0	0	172	10	0	1	0	0	0	0	0	0	0	0	0	0	0
81	m	1068912000	1069769040	1981	1003	33	3301	1	1	0	50	1	1	1	1	1	1	0	0	172	10	0	1	0	0	0	0	0	0	0	0	0	0	0
84	m	1068912000	1069510980	1979	1021	33	3301	1	1	0	50	1	1	1	1	1	1	0	0	170	10	0	1	0	0	0	0	0	0	0	0	0	0	0
85	m	1068912000	1125935820	1977	0802	33	3301	1	3	0	60	1	1	1	1	1	1	0	0	172	10	0	1	0	0	0	0	0	0	0	0	0	0	0
86	m	1068912000	1154061701	1978	0901	33	3301	3	215	0	60	4	1	1	1	23	2	3	1	181	20	1	1	22	26	165	178	0	1	2	1	1	0	0
87	m	1068912000	1068979020	1974	0812	33	3301	1	1	0	60	1	1	1	1	1	1	0	0	169	10	0	1	0	0	0	0	0	0	0	0	0	0	0
88	m	1068912000	1116345600	1974	0508	33	3301	1	2	0	50	1	1	1	1	1	1	0	0	172	10	0	1	0	0	0	0	0	0	0	0	0	0	0
89	m	1068912000	1100102400	1982	0221	33	3301	1	1	0	30	1	1	1	1	1	1	0	0	176	10	0	1	0	0	0	0	0	0	0	0	0	0	0
91	m	1068998400	1071900840	1981	0705	33	3301	1	1	0	20	1	1	1	1	1	1	0	0	172	10	0	1	0	0	0	0	0	0	0	0	0	0	0
92	m	1068998400	1295192086	1981	0115	33	3301	1	145	0	50	1	1	1	1	1	1	0	0	175	10	0	1	0	0	0	0	0	0	0	0	0	0	0
94	m	1069084800	1072708080	1979	0919	33	3301	1	1	0	50	1	1	1	1	1	1	0	0	172	10	0	1	0	0	0	0	0	0	0	0	0	0	0
95	m	1069084800	1115136000	1976	0414	33	3301	1	9	0	50	1	1	1	1	1	1	0	0	170	10	0	1	0	0	0	0	0	0	0	0	0	0	0
96	m	1069084800	1299518898	1978	1020	33	3301	1	4362	0	50	0	2	1	1	11	2	2	1	175	40	1	1	23	29	159	0	0	1	0	0	1	0	0
97	m	1069084800	1269235526	1971	1017	33	3301	1	3049	0	60	2	1	1	1	23	4	0	1	170	20	1	1	29	35	160	175	0	1	50	1	0	33	3301
99	m	1069171200	1078070400	1979	1106	33	3301	1	1	0	50	1	1	1	1	1	1	0	0	172	10	0	1	0	0	0	0	0	0	0	0	0	0	0
100	m	1069171200	1069305660	1979	0101	33	3301	1	1	0	50	1	1	1	1	1	1	0	0	173	10	0	1	0	0	0	0	0	0	0	0	0	0	0
101	m	1069171200	1100102400	1982	0107	33	3301	1	1	0	30	1	1	1	1	1	1	0	0	174	10	0	1	0	0	0	0	0	0	0	0	0	0	0
102	m	1069257600	1179659679	1979	1006	33	3301	1	2	0	50	7	1	1	1	42	1	0	11	166	20	0	2	0	0	0	0	0	0	0	0	0	0	0
105	m	1069257600	1085846400	1968	1210	33	3301	2	1	0	60	2	1	2	1	32	1	0	0	175	40	1	1	0	0	0	0	0	0	0	0	0	0	0
106	m	1069344000	1069414500	1978	0706	33	3301	1	1	0	50	1	1	1	1	1	1	0	0	176	10	0	1	0	0	0	0	0	0	0	0	0	0	0
107	m	1069344000	1100102400	1980	0101	33	3301	1	1	0	30	1	1	1	1	1	1	0	0	174	10	0	1	0	0	0	0	0	0	0	0	0	0	0
109	m	1069430400	1167712699	1979	0914	33	3301	1	2	0	50	1	1	1	1	1	1	0	0	170	10	0	1	0	0	0	0	0	0	0	0	0	0	0
110	m	1069516800	1069934820	1981	0410	33	3301	1	1	0	50	1	1	1	1	1	1	0	0	173	10	0	1	0	0	0	0	0	0	0	0	0	0	0
112	m	1069516800	1100102400	1979	1125	33	3301	1	1	0	50	1	1	1	1	1	1	0	0	174	10	0	1	0	0	0	0	0	0	0	0	0	0	0
113	m	1069603200	1088438400	1980	0706	33	3301	1	1	0	50	1	1	1	1	42	1	0	0	177	30	0	1	0	0	0	0	0	0	0	0	0	0	0
114	m	1069603200	1142901660	1976	0916	33	3301	1	10	0	50	1	1	1	1	17	1	3	0	174	20	0	1	0	0	0	0	0	0	0	0	0	0	0
115	m	1069603200	1160355871	1974	0508	33	3301	3	1047	0	50	2	1	1	1	37	2	1	0	172	30	0	1	0	0	0	0	0	0	0	0	0	0	0
116	m	1069603200	1100102400	1981	0420	33	3301	1	1	0	30	1	1	1	1	1	1	0	0	166	10	0	1	0	0	0	0	0	0	0	0	0	0	0
119	m	1069603200	1268574235	1980	0124	33	3301	1	66	1	30	1	1	1	1	42	1	1	1	173	30	1	1	20	30	158	168	0	1	1	1	0	33	3301
120	m	1069689600	1069748520	1977	0715	33	3301	1	1	0	50	1	1	1	1	1	1	0	0	178	10	0	1	0	0	0	0	0	0	0	0	0	0	0
122	m	1069689600	1225569416	1975	0226	33	3301	3	918	0	20	2	1	3	2	10	1	0	1	180	20	0	1	21	26	160	170	0	1	1	1	1	31	0
126	m	1069948800	1070175600	1971	0417	33	3301	1	1	0	60	1	1	1	1	1	1	0	0	163	10	0	1	0	0	0	0	0	0	0	0	0	0	0
127	m	1070035200	1080144000	1981	1001	33	3301	1	1	0	30	1	1	1	1	1	1	0	0	177	10	0	1	0	0	0	0	0	0	0	0	0	0	0
129	m	1070035200	1080748800	1981	1113	33	3301	1	1	0	30	1	1	1	1	42	1	0	0	170	20	0	1	0	0	0	0	0	0	0	0	0	0	0
130	m	1070035200	1102348800	1980	1104	33	3301	1	5	0	50	1	1	1	1	1	1	0	0	176	10	0	1	0	0	0	0	0	0	0	0	0	0	0
131	m	1070121600	1168056648	1977	0823	33	3301	2	2	0	50	1	1	1	1	1	1	0	0	170	10	0	1	0	0	0	0	0	0	0	0	0	0	0
132	m	1070121600	1070757300	1979	1229	33	3301	1	1	0	50	1	1	1	1	1	1	0	0	170	10	0	1	0	0	0	0	0	0	0	0	0	0	0
133	m	1070121600	1273494792	1976	0728	33	3301	3	37	0	50	1	1	1	1	1	1	0	0	170	10	0	1	0	0	0	0	0	0	0	0	0	0	0
134	m	1070121600	1299155921	1983	1005	33	3301	1	12	0	30	7	1	1	1	42	1	0	1	173	20	0	1	0	0	0	0	0	0	0	0	0	0	0
135	m	1070208000	1100102400	1978	0405	33	3301	1	1	0	30	1	1	1	1	1	1	0	0	168	10	0	1	0	0	0	0	0	0	0	0	0	0	0
136	m	1070208000	1138760160	1980	0123	33	3301	1	3	0	50	1	1	1	1	1	1	0	0	174	10	0	1	0	0	0	0	0	0	0	0	0	0	0
138	m	1070294400	1209795958	1979	0710	33	3301	2	1988	0	30	4	2	1	1	42	4	0	1	185	40	1	1	23	26	162	172	0	1	2	1	1	33	3301
140	m	1070467200	1070504700	1978	0305	33	3301	1	1	0	50	1	1	1	1	1	1	0	0	175	10	0	1	0	0	0	0	0	0	0	0	0	0	0
141	m	1070467200	1083513600	1979	0829	33	3301	1	1	0	20	1	1	1	1	1	1	0	0	160	10	0	1	0	0	0	0	0	0	0	0	0	0	0
142	m	1070467200	1177554346	1975	1222	33	3301	1	5	0	60	1	1	1	1	42	1	0	0	200	30	0	1	0	0	0	0	0	0	0	0	0	0	0
