6	f	1066320000	1067616000	1976	0202	33	3301	1	1	0	30	1	1	1	1	1	1	0	0	160	10	0	1	0	0	0	0	0	0	0	0	0	0	0
10	f	1066492800	1100102400	1982	0101	33	3301	1	1	0	30	1	1	1	1	1	1	0	0	160	10	0	1	0	0	0	0	0	0	0	0	0	0	0
11	f	1066665600	1132392660	1979	0101	33	3301	1	29	0	50	1	1	1	1	42	4	0	0	165	30	0	1	0	0	0	0	0	0	0	0	0	0	0
12	f	1066838400	1298385896	1977	1115	33	3301	4	1487	0	50	2	2	1	1	37	4	1	1	169	20	1	1	31	35	175	185	1	1	30	1	1	33	3301
13	f	1066838400	1096905600	1978	0101	33	3301	1	6	0	30	1	1	1	1	1	1	0	0	167	10	0	1	0	0	0	0	0	0	0	0	0	0	0
16	f	1066924800	1231064160	1975	0101	33	3301	1	218	0	50	7	1	1	1	42	4	0	1	155	30	1	1	0	0	0	0	0	0	0	0	0	0	0
19	f	1067097600	1077724800	1976	1022	33	3301	1	1	0	50	1	1	1	1	23	1	2	0	160	20	0	1	0	0	0	0	0	0	0	0	0	0	0
21	f	1067184000	1100102400	-1	-1	33	3301	1	1	0	-1	1	1	1	1	1	1	1	0	0	10	0	1	0	0	0	0	0	0	0	0	0	0	0
35	f	1067443200	1158488351	1976	0630	33	3301	3	495	0	50	1	1	1	1	1	1	0	0	167	10	0	1	0	0	0	0	0	0	0	0	0	0	0
37	f	1067443200	1098806400	1970	1103	33	3301	1	10	0	50	1	1	1	1	1	1	0	0	168	10	0	1	0	0	0	0	0	0	0	0	0	0	0
40	f	1067529600	1067616000	1977	0513	33	3301	1	1	0	50	1	1	1	1	1	1	0	0	162	10	0	1	0	0	0	0	0	0	0	0	0	0	0
42	f	1067616000	1269697174	1976	0202	33	3301	1	84	0	30	1	1	1	1	23	1	3	0	160	20	0	1	0	0	0	0	0	0	0	0	0	0	0
48	f	1068048000	1084550400	1967	0101	33	3301	1	1	0	30	1	1	1	1	1	1	0	0	166	10	0	1	0	0	0	0	0	0	0	0	0	0	0
50	f	1068048000	1256649950	1975	1014	33	3301	1	41	0	50	1	1	1	1	23	1	0	1	163	20	0	1	0	0	0	0	0	0	0	0	0	0	0
54	f	1068134400	1076515200	1984	0806	33	3301	1	1	0	20	1	1	1	1	1	1	0	0	175	10	0	1	0	0	0	0	0	0	0	0	0	0	0
61	f	1068307200	1117382400	1980	0528	33	3301	1	27	0	30	1	1	1	1	23	1	0	0	161	20	0	1	0	0	0	0	0	0	0	0	0	0	0
62	f	1068307200	1071320580	1980	0729	33	3301	1	1	0	30	1	1	1	1	1	1	0	0	167	10	0	1	0	0	0	0	0	0	0	0	0	0	0
63	f	1068393600	1099843200	1980	1101	33	3301	1	5	0	50	1	1	1	1	1	1	0	0	158	10	0	1	0	0	0	0	0	0	0	0	0	0	0
66	f	1068393600	1092844800	1975	0826	33	3301	1	3	0	50	1	1	1	1	1	1	0	0	160	20	0	1	0	0	0	0	0	0	0	0	0	0	0
67	f	1068393600	1298639936	1977	0814	33	3301	1	332	0	20	2	1	1	1	42	5	0	1	159	20	1	1	33	43	174	185	0	1	30	1	1	33	3301
69	f	1068480000	1105200000	1981	0125	33	3301	1	2	0	50	1	1	1	1	1	1	0	0	155	10	0	1	0	0	0	0	0	0	0	0	0	0	0
70	f	1068480000	1073811780	1978	0824	33	3301	1	1	0	50	1	1	1	1	1	1	0	0	171	10	0	1	0	0	0	0	0	0	0	0	0	0	0
76	f	1068739200	1296708122	1982	0924	33	3301	3	314	0	30	7	1	1	1	23	2	1	1	165	20	1	1	26	32	175	185	0	1	2	1	1	33	3301
80	f	1068825600	1110124800	1975	1104	33	3301	1	21	0	50	1	1	1	1	1	2	3	0	158	10	1	1	0	0	0	0	0	0	0	0	0	0	0
82	f	1068912000	1246883683	1971	0216	33	3301	1	312	0	50	2	1	1	1	23	4	3	1	155	20	1	1	35	46	163	173	1	0	2	1	0	33	0
83	f	1068912000	1104508800	1984	0402	33	3301	1	12	0	30	1	1	1	1	1	1	0	0	154	10	0	1	0	0	0	0	0	0	0	0	0	0	0
90	f	1068998400	1286273457	1980	0312	33	3301	3	684	0	30	1	1	1	1	16	2	1	1	166	30	0	1	29	39	170	0	0	0	30	1	0	33	3301
93	f	1068998400	1072313220	1975	0712	33	3301	1	1	0	50	1	1	1	1	1	1	0	0	160	10	0	1	0	0	0	0	0	0	0	0	0	0	0
98	f	1069171200	1211550788	1976	1006	33	3301	1	3	0	30	1	1	1	1	1	1	0	0	168	10	0	1	0	0	0	0	0	0	0	0	0	0	0
103	f	1069257600	1077811200	1979	0812	33	3301	1	1	0	50	1	1	1	1	1	1	0	0	159	10	0	1	0	0	0	0	0	0	0	0	0	0	0
104	f	1069257600	1298281667	1982	1125	33	3301	1	253	1	50	2	1	1	1	23	2	2	1	164	30	1	1	30	40	170	180	1	1	30	1	1	33	3301
108	f	1069430400	1080144000	1981	1124	33	3301	1	1	0	30	1	1	1	1	1	1	0	0	167	10	0	1	0	0	0	0	0	0	0	0	0	0	0
111	f	1069516800	1159337299	1974	1224	33	3301	3	26	0	50	1	1	1	1	23	1	0	0	162	20	0	1	0	0	0	0	0	0	0	0	0	0	0
117	f	1069603200	1167785614	1977	0308	33	3301	1	4	0	30	1	1	1	1	1	1	0	0	156	10	0	1	0	0	0	0	0	0	0	0	0	0	0
118	f	1069603200	1100102400	1979	0508	33	3301	1	1	0	30	1	1	1	1	1	1	0	0	160	10	0	1	0	0	0	0	0	0	0	0	0	0	0
121	f	1069689600	1100102400	1967	0810	33	3301	1	1	0	30	1	1	1	1	1	1	0	0	158	10	0	1	0	0	0	0	0	0	0	0	0	0	0
123	f	1069776000	1100102400	1979	0715	33	3301	1	1	0	30	1	1	1	1	1	1	0	0	167	10	0	1	0	0	0	0	0	0	0	0	0	0	0
124	f	1069776000	1233814217	1975	1219	33	3301	3	417	0	30	1	1	1	1	23	4	3	1	162	20	0	1	32	42	160	190	0	0	30	1	0	33	3301
125	f	1069862400	1221980833	1970	1116	33	3301	3	13	0	30	1	1	1	1	1	1	0	0	160	10	0	1	0	0	0	0	0	0	0	1	0	0	0
128	f	1070035200	1122385440	1977	0310	33	3301	2	908	0	30	1	1	1	1	16	4	3	0	164	20	1	1	0	0	0	0	0	0	0	0	0	0	0
137	f	1070208000	1166204637	1979	0429	33	3301	1	154	0	50	1	1	1	1	1	1	0	0	160	10	0	1	0	0	0	0	0	0	0	0	0	0	0
139	f	1070294400	1073015040	1977	1115	33	3301	1	1	0	50	1	1	1	1	1	1	0	0	165	10	0	1	0	0	0	0	0	0	0	0	0	0	0
146	f	1070726400	1288364232	1979	0513	33	3301	1	174	0	30	1	1	2	3	16	5	0	1	158	20	1	4	32	48	165	185	1	6	20	1	1	0	0
160	f	1070985600	1096992000	1980	1021	33	3301	1	16	0	30	1	1	1	1	17	1	0	0	164	20	0	1	0	0	0	0	0	0	0	0	0	0	0
161	f	1070985600	1189839130	1983	0919	33	3301	1	4	0	30	1	1	1	1	8	1	0	1	162	10	0	1	0	0	0	0	0	0	0	0	0	0	0
166	f	1071244800	1143175860	1982	1002	33	3301	1	22	0	20	1	1	1	1	1	1	0	0	160	10	0	1	0	0	0	0	0	0	0	0	0	0	0
167	f	1071244800	1071495060	1976	0626	33	3301	1	1	0	30	1	1	1	1	1	1	0	0	160	10	0	1	0	0	0	0	0	0	0	0	0	0	0
169	f	1071331200	1259483760	1980	0729	33	3301	1	158	0	30	1	1	1	1	11	1	0	0	167	30	0	1	0	0	0	0	0	0	0	0	0	0	0
194	f	1071936000	1100102400	1981	0421	33	3301	1	1	0	30	1	1	1	1	1	1	0	0	170	10	0	1	0	0	0	0	0	0	0	0	0	0	0
196	f	1072022400	1100102400	1980	1226	33	3301	1	1	0	30	1	1	1	1	1	1	0	0	161	10	0	1	0	0	0	0	0	0	0	0	0	0	0
197	f	1072022400	1100102400	1980	1126	33	3301	1	1	0	30	1	1	1	1	1	1	0	0	161	10	0	1	0	0	0	0	0	0	0	0	0	0	0
202	f	1072195200	1085155200	1977	1023	33	3301	1	1	0	50	1	1	1	1	23	1	0	0	166	20	0	1	0	0	0	0	0	0	0	0	0	0	0
207	f	1072281600	1118073600	1980	1010	33	3301	1	5	0	30	1	1	1	1	39	1	0	0	158	10	0	1	0	0	0	0	0	0	0	0	0	0	0
208	f	1072281600	1160629130	1981	0823	33	3301	1	18	0	30	1	1	1	1	42	1	0	0	160	20	0	1	0	0	0	0	0	0	0	0	0	0	0
210	f	1072368000	1224244291	1982	0126	33	3301	2	383	0	30	2	1	1	1	23	2	0	1	163	20	1	1	26	36	170	185	0	1	2	1	1	33	3300
211	f	1072368000	1072446420	1980	1205	33	3301	1	1	0	50	1	1	1	1	1	1	0	0	175	10	0	1	0	0	0	0	0	0	0	0	0	0	0
212	f	1072368000	1100102400	1980	0215	33	3301	1	1	0	30	1	1	1	1	1	1	0	0	161	10	0	1	0	0	0	0	0	0	0	0	0	0	0
213	f	1072368000	1073543940	1980	0215	33	3301	1	1	0	30	1	1	1	1	1	1	0	0	161	10	0	1	0	0	0	0	0	0	0	0	0	0	0
214	f	1072368000	1073879220	1979	1101	33	3301	1	1	0	50	1	1	1	1	1	1	0	0	160	10	0	1	0	0	0	0	0	0	0	0	0	0	0
215	f	1072454400	1084896000	1981	0108	33	3301	1	1	0	30	1	1	1	1	1	1	0	0	155	10	0	1	0	0	0	0	0	0	0	0	0	0	0
216	f	1072454400	1113926400	1975	0629	33	3301	2	120	0	50	1	1	1	1	23	4	2	0	160	20	1	1	0	0	0	0	0	0	0	0	0	0	0
219	f	1072454400	1189238477	1972	0131	33	3301	1	380	0	50	4	1	1	1	26	4	2	1	168	20	0	1	35	40	170	190	0	0	2	1	0	11	0
224	f	1072627200	1224234562	1976	1109	33	3301	1	368	0	30	2	1	1	1	28	2	2	0	162	20	0	1	0	0	0	0	0	0	0	0	0	0	0
234	f	1072800000	1100102400	1979	1126	33	3301	1	1	0	30	1	1	1	1	1	1	0	0	157	10	0	1	0	0	0	0	0	0	0	0	0	0	0
244	f	1073059200	1119713160	1982	1123	33	3301	1	33	0	20	1	1	1	1	42	1	0	0	160	10	0	1	0	0	0	0	0	0	0	0	0	0	0
246	f	1073145600	1100102400	1981	0903	33	3301	1	1	0	30	1	1	1	1	1	1	0	0	160	10	0	1	0	0	0	0	0	0	0	0	0	0	0
254	f	1073318400	1290629080	1976	0501	33	3301	1	3583	0	20	5	1	1	1	24	1	1	1	172	10	1	1	0	35	178	0	0	1	0	0	0	0	0
255	f	1073318400	1277568346	1983	0315	33	3301	1	605	1	30	5	1	1	1	8	5	0	1	160	20	0	1	26	32	173	180	0	1	30	1	1	33	3301
264	f	1073664000	1295269327	1981	0113	33	3301	3	261	0	30	1	1	1	1	42	1	0	1	167	20	1	1	28	40	170	180	0	0	2	1	1	0	0
265	f	1073750400	1100102400	1976	0820	33	3301	1	1	0	20	1	1	1	1	1	1	0	0	160	10	0	1	0	0	0	0	0	0	0	0	0	0	0
278	f	1074096000	1096992000	1979	0325	33	3301	2	2	0	30	1	1	1	1	11	1	0	0	160	20	0	1	0	0	0	0	0	0	0	0	0	0	0
281	f	1074355200	1124200740	1977	1113	33	3301	2	304	0	30	1	1	1	1	23	4	0	0	160	20	1	1	0	0	0	0	0	0	0	0	0	0	0
285	f	1075019400	1089302400	1979	0801	33	3301	1	58	0	50	1	1	1	1	1	1	0	0	160	20	0	1	0	0	0	0	0	0	0	0	0	0	0
287	f	1075129620	1168427188	1979	0902	33	3301	1	288	0	50	1	1	1	1	32	4	0	0	156	10	1	1	0	0	0	0	0	0	0	0	0	0	0
293	f	1075381500	1295270365	1980	0315	33	3301	2	89	0	30	1	1	1	1	42	4	2	0	160	20	1	1	0	0	0	0	0	0	0	0	0	0	0
294	f	1075436400	1295270421	1980	0909	33	3301	1	140	0	50	1	1	1	1	1	2	0	0	165	10	0	1	0	0	0	0	0	0	0	0	0	0	0
302	f	1075634700	1083600000	1969	0101	33	3301	1	18	0	50	1	1	2	1	26	1	3	0	162	40	0	1	0	0	0	0	0	0	0	0	0	0	0
303	f	1075705560	1078416000	1981	0701	33	3301	1	19	0	20	1	1	1	1	10	1	0	0	167	10	0	1	0	0	0	0	0	0	0	0	0	0	0
306	f	1075786500	1075786500	1982	1018	33	3301	1	0	0	20	1	1	1	1	1	1	0	0	164	10	1	1	0	0	0	0	0	0	0	0	0	0	0
309	f	1075986480	1075986480	1965	1016	33	3301	1	0	0	30	1	1	1	1	37	1	0	0	160	10	0	1	0	0	0	0	0	0	0	0	0	0	0
311	f	1076034180	1077033600	1975	1201	33	3301	1	3	0	30	1	1	1	1	42	1	0	0	164	30	0	1	0	0	0	0	0	0	0	0	0	0	0
312	f	1076052900	1239961234	1980	1027	33	3301	1	1121	0	50	1	1	1	1	1	1	0	0	163	20	0	1	0	0	0	0	0	0	0	0	0	0	0
315	f	1076115600	1285332817	1979	0929	33	3301	1	2362	0	50	1	1	1	1	42	4	0	1	168	20	1	1	0	0	0	0	0	0	0	0	0	0	0
318	f	1076141940	1076141940	1965	0101	33	3301	1	0	0	30	1	1	1	1	37	1	0	0	160	10	0	1	0	0	0	0	0	0	0	0	0	0	0
320	f	1076232060	1096646400	1977	0909	33	3301	1	61	0	20	1	1	1	1	42	1	0	0	168	20	0	1	0	0	0	0	0	0	0	0	0	0	0
324	f	1076334780	1271045886	1965	0101	33	3301	1	54	0	30	1	1	1	1	37	4	0	0	160	20	1	1	0	0	0	0	0	0	0	0	0	0	0
325	f	1076336340	1133973960	1978	0125	33	3301	1	335	0	30	1	1	1	1	42	2	1	0	158	30	0	1	0	0	0	0	0	0	0	0	0	0	0
326	f	1076395140	1076395140	1979	0625	33	3301	1	0	0	20	1	1	1	1	42	1	0	0	158	20	0	1	0	0	0	0	0	0	0	0	0	0	0
327	f	1076406120	1086537600	1982	1229	33	3301	1	3	0	20	1	1	1	1	42	1	0	0	155	10	0	1	0	0	0	0	0	0	0	0	0	0	0
329	f	1076468280	1104768000	1977	0219	33	3301	1	217	0	20	1	1	1	1	42	1	0	0	163	20	1	1	0	0	0	0	0	0	0	0	0	0	0
330	f	1076494080	1090684800	1982	0714	33	3301	1	10	0	20	1	1	1	1	42	1	0	0	155	10	0	1	0	0	0	0	0	0	0	0	0	0	0
332	f	1076576340	1077292800	1979	1120	33	3301	1	1	0	30	1	1	1	1	5	1	0	0	163	10	0	1	0	0	0	0	0	0	0	0	0	0	0
333	f	1076587320	1283955774	1979	0428	33	3301	3	3965	0	30	0	0	1	1	42	4	0	1	162	20	0	0	0	0	0	0	0	0	0	0	0	0	0
341	f	1076685120	1147794900	1974	1225	33	3301	3	1215	0	20	1	1	1	1	23	2	0	0	163	20	1	1	0	0	0	0	0	0	0	0	0	0	0
348	f	1076848080	1139541000	1976	0829	33	3301	2	321	0	50	1	1	1	1	23	1	1	0	160	20	0	1	0	0	0	0	0	0	0	0	0	0	0
358	f	1077182760	1200793958	1981	0401	33	3301	3	207	0	30	1	1	1	1	42	1	0	0	160	10	0	1	25	0	0	0	0	1	1	1	0	33	0
366	f	1077785880	1245542393	1977	1123	33	3301	1	2394	0	50	7	1	1	1	42	4	1	1	164	30	1	1	31	37	173	185	0	1	30	1	0	33	3301
368	f	1077867000	1179315021	1982	1001	33	3301	3	103	0	30	3	1	1	1	1	2	0	1	165	10	0	1	0	0	0	0	0	0	0	0	0	0	0
369	f	1077887280	1269396612	1977	1006	33	3301	1	16	0	30	1	1	1	1	42	1	0	0	161	20	0	1	0	0	0	0	0	0	0	0	0	0	0
372	f	1077968520	1088006400	1977	1111	33	3301	1	86	0	20	1	1	1	1	6	2	0	0	167	30	0	1	0	0	0	0	0	0	0	0	0	0	0
