USER_ID_A USER_ID_B ROUND ACTION
100033 375879 1 rec
100033 361290 1 rec
100033 492190 1 rec
100033 316286 1 rec
100033 269952 1 rec
100033 381720 1 rec
100033 313352 2 rec
100033 344755 2 rec
100033 311930 2 rec
100033 470214 2 rec
100033 310878 2 rec
100033 354836 2 rec
100033 460927 3 rec
100033 329484 3 rec
100033 227513 3 rec
100033 343587 3 rec
100033 403549 3 rec
100033 395378 3 rec
100033 329484 3 click
100033 351069 4 rec
100033 175348 4 rec
100033 489018 4 rec
100033 470948 4 rec
100033 256422 4 rec
100033 241273 4 rec
100033 248593 4 rec
100033 149709 4 rec
100033 444962 5 rec
100033 225581 5 rec
100033 483331 5 rec
100033 329148 5 rec
100033 439553 5 rec
100033 93243 5 rec
100033 14399 5 rec
100033 445978 5 rec
100033 273956 6 rec
100033 364233 6 rec
100033 309381 6 rec
100033 40351 6 rec
100033 339697 6 rec
100033 224761 6 rec
100033 479990 6 rec
100033 441751 6 rec
100033 511822 7 rec
100033 5220 7 rec
100033 422449 7 rec
100033 113777 7 rec
100033 145569 7 rec
100033 500555 7 rec
100033 447396 7 rec
100033 331523 7 rec
100033 348035 8 rec
100033 459836 8 rec
100033 171799 8 rec
100033 468495 8 rec
100033 234603 8 rec
100033 493769 8 rec
100033 503573 8 rec
100033 319460 8 rec
100033 170933 9 rec
100033 147558 9 rec
100033 297697 9 rec
100033 416987 9 rec
100033 200834 9 rec
100033 351084 9 rec
100033 263588 9 rec
100033 236511 9 rec
100033 278886 10 rec
100033 410301 10 rec
100033 254733 10 rec
100033 453086 10 rec
100033 377250 10 rec
100033 14399 10 rec
100033 393516 10 rec
100033 295792 10 rec
100033 414125 11 rec
100033 502663 11 rec
100033 316976 11 rec
100033 211233 11 rec
100033 366863 11 rec
100033 518685 11 rec
100033 59240 11 rec
100033 514616 11 rec
100033 515054 12 rec
100033 342698 12 rec
100033 83662 12 rec
100033 40383 12 rec
100033 307522 12 rec
100033 438071 12 rec
100033 396135 12 rec
100033 381209 12 rec
100033 416987 13 rec
100033 297697 13 rec
100033 147558 13 rec
100033 236511 13 rec
100033 302795 13 rec
100033 263588 13 rec
100033 200834 13 rec
100033 170933 13 rec
